160
2 341 304
2 129 425
2 50 207
2 401 22
2 204 152
2 280 114
2 164 153
2 16 174
2 198 377
2 54 289
2 40 345
2 25 24
2 269 10
2 474 6
2 128 242
2 446 31
2 494 44
2 372 353
2 200 8
2 92 123
2 392 99
2 284 400
2 365 397
2 95 90
2 116 394
2 104 34
2 55 218
2 138 89
2 59 429
2 188 225
2 285 294
2 65 444
2 105 472
2 69 60
2 101 302
2 81 201
2 373 159
2 237 288
2 107 71
2 468 258
3 180 230 432
3 254 424 70
3 91 177 185
3 388 364 46
3 245 3 41
3 390 356 195
3 442 23 29
3 106 292 76
3 109 236 450
3 112 13 79
3 115 48 26
3 453 147 119
3 121 396 78
3 124 310 132
3 233 15 66
3 328 141 490
3 449 261 332
3 438 350 80
3 139 385 134
3 162 497 274
3 149 170 45
3 148 337 27
3 151 5 183
3 154 100 145
3 186 113 36
3 160 352 4
3 192 234 216
3 336 221 127
3 203 409 382
3 172 422 58
3 175 120 2
3 348 486 146
3 362 320 150
3 324 219 260
3 187 240 74
3 405 276 255
3 193 61 389
3 498 163 413
3 199 266 481
3 268 19 316
3 461 231 68
3 208 11 169
3 301 325 103
3 214 249 478
3 217 448 96
3 460 189 457
3 437 212 308
3 226 330 142
3 277 156 416
3 248 1 404
3 235 213 215
3 238 72 161
3 360 273 67
3 244 21 398
3 247 298 346
3 251 86 317
3 412 108 232
3 256 32 250
3 259 376 340
3 263 434 118
4 267 7 428 75
4 282 454 368 314
4 275 12 321 202
4 426 93 77 309
4 283 414 229 157
4 410 271 206 458
4 484 117 63 354
4 295 190 83 122
4 299 56 477 305
4 303 28 380 224
4 307 111 211 140
4 311 358 135 194
4 315 144 125 53
4 378 196 87 110
4 361 14 466 338
4 327 482 417 137
4 331 197 102 184
4 335 333 130 265
4 339 73 42 30
4 343 369 318 489
4 347 47 402 88
4 351 17 228 270
4 473 20 37 469
4 359 300 84 9
4 363 286 418 85
4 367 181 485 465
4 371 64 342 436
4 375 445 312 406
4 379 252 296 227
4 384 319 493 408
4 387 38 133 62
4 391 210 171 383
4 395 462 272 480
4 399 182 349 43
4 403 166 313 374
4 407 322 357 131
4 411 329 290 370
4 415 441 49 51
4 419 452 173 253
4 423 167 366 179
4 427 334 281 98
4 431 279 344 262
4 440 35 39 470
4 439 492 176 488
4 443 136 223 464
4 447 421 287 435
4 451 278 393 57
4 455 52 381 293
4 459 165 257 209
4 463 18 168 220
4 467 433 205 456
4 471 97 241 191
4 475 155 178 82
4 479 420 476 143
4 483 33 222 355
4 487 306 126 94
4 491 326 323 496
4 495 158 239 386
4 499 430 243 246
4 0 264 297 291
