1628
2 5038 2929
2 5040 2762
2 8822 5013
2 9978 3001
2 6716 6015
2 5048 4149
2 8738 956
2 8781 499
2 9140 4286
2 8426 4480
2 5058 3543
2 5060 2683
2 8896 5149
2 5064 5559
2 5066 3747
2 5068 8453
2 5070 456
2 5072 4491
2 6614 1084
2 6797 5615
2 6100 3375
2 5080 1361
2 5082 7595
2 5084 2875
2 6986 4419
2 5088 8609
2 9438 4549
2 7051 7944
2 5094 2304
2 9028 8578
2 5098 1726
2 5100 9564
2 7465 597
2 5104 1720
2 5106 2922
2 5108 6719
2 5110 4400
2 8505 1249
2 8261 7439
2 8554 9276
2 5859 1270
2 5120 2573
2 5122 7770
2 8909 9901
2 5126 4496
2 5128 693
2 9457 3396
2 5132 4787
2 5134 1606
2 5369 5657
2 5138 4375
2 5140 931
2 9586 7499
2 5144 1538
2 5146 1975
2 5148 4617
2 5150 333
2 9377 2898
2 5154 842
2 5156 678
2 5158 2536
2 8013 5901
2 5162 4363
2 5164 6146
2 5645 3895
2 5168 1487
2 8645 2749
2 7340 4990
2 6167 3509
2 5176 5389
2 9961 3781
2 7904 6715
2 5182 9976
2 8109 683
2 7507 1214
2 5188 8684
2 5190 2159
2 5192 9197
2 5194 9
2 5196 5939
2 5198 9585
2 5200 7064
2 8308 3870
2 5204 398
2 5206 78
2 5208 2595
2 5210 1886
2 7607 7286
2 8398 9776
2 7664 6184
2 5218 6581
2 5220 3924
2 5222 4983
2 5224 6724
2 5226 1418
2 8853 1694
2 8720 3607
2 5232 2221
2 5234 4038
2 8170 3145
2 5238 8058
2 5240 8168
2 5242 8321
2 6695 2687
2 5246 3806
2 7982 1529
2 9506 534
2 5252 3352
2 5254 8701
2 8661 767
2 9400 2802
2 5260 2789
2 5262 178
2 5264 6377
2 5266 5865
2 5268 4054
2 9556 4412
2 5272 5981
2 5274 7692
2 5276 4351
2 5278 4238
2 5280 9974
2 5282 257
2 5284 3038
2 5286 1843
2 5288 793
2 5290 6352
2 6154 3015
2 5294 1861
2 5296 9221
2 5298 1796
2 8129 3344
2 5302 4200
2 5304 5733
2 5306 4514
2 5308 2210
2 7782 2585
2 7793 2062
2 7849 1526
2 5316 9988
2 5318 9016
2 6059 9365
2 5322 1181
2 5324 2028
2 5326 4134
2 5328 976
2 5330 3112
2 5332 4066
2 7797 1501
2 5336 6596
2 5338 1129
2 5340 2718
2 5342 4004
2 6922 6757
2 8326 4711
2 5348 4989
2 5350 47
2 6733 590
2 9804 3674
2 5356 4870
2 5358 207
2 5360 2469
2 6185 4716
2 5364 4670
2 7217 5001
2 5368 1364
2 5370 760
2 5891 5136
2 8289 4640
2 5376 9718
2 5378 1167
2 5380 4367
2 5382 96
2 5384 3875
2 5386 1994
2 5388 4627
2 7639 1464
2 6496 253
2 7432 687
2 5396 4091
2 5398 2538
2 5400 2707
2 5402 370
2 5404 4669
2 5406 2987
2 6239 9952
2 5410 3692
2 5412 3547
2 9096 3031
2 9954 9068
2 5418 6547
2 6853 4848
2 9498 7318
2 5424 656
2 5426 2848
2 5428 1322
2 5430 636
2 5432 7832
2 5434 7981
2 5436 5879
2 5595 1562
2 9852 9326
2 5442 8328
2 5444 4837
2 5446 4359
2 5448 7778
2 5450 818
2 6763 5081
2 7840 7219
2 5456 1351
2 5458 2059
2 5460 9225
2 8978 2459
2 5464 3457
2 5466 794
2 7960 674
2 5470 2985
2 5472 4106
2 5474 8464
2 6449 3983
2 5478 6778
2 5480 4635
2 5482 8297
2 7270 6550
2 9989 635
2 9929 7786
2 5490 3839
2 5492 3257
2 6686 4861
2 8584 5341
2 5498 9154
2 7018 7567
2 9536 7522
2 5504 3673
2 5506 9820
2 5508 5947
2 5510 8641
2 5512 9413
2 5514 7418
2 5516 4644
2 5518 6058
2 9044 2305
2 8890 5017
2 9842 1677
2 8310 3229
2 5528 2499
2 9094 3149
2 5532 1819
2 5534 1036
2 5536 7945
2 5538 1505
2 5681 4011
2 5542 924
2 9578 5212
2 5546 4046
2 5548 4221
2 5550 4886
2 7408 446
2 5554 6202
2 5556 1509
2 5558 9269
2 5560 2060
2 7289 1159
2 6400 8670
2 5566 7870
2 5568 5236
2 5849 1332
2 5572 4318
2 7232 3891
2 5576 8161
2 5578 4151
2 5580 1021
2 5582 1930
2 5584 4490
2 5586 5090
2 5588 2619
2 8473 9124
2 6017 3558
2 5594 735
2 5596 3379
2 7253 8894
2 5853 7412
2 5602 2309
2 5604 4792
2 5606 4415
2 5608 9968
2 7112 8750
2 5612 1830
2 5614 4137
2 9237 8658
2 7388 3651
2 5620 1164
2 8804 6574
2 5624 2627
2 9484 5178
2 5628 3617
2 5925 6118
2 5632 3516
2 5634 4532
2 7600 876
2 5638 3561
2 5640 3137
2 5642 1750
2 5644 2486
2 6506 1701
2 5648 5166
2 5650 3887
2 9577 6742
2 9744 1661
2 5656 3838
2 5658 1510
2 5660 998
2 7102 7516
2 5664 1073
2 5817 9629
2 5668 2793
2 7399 4452
2 5672 6823
2 5674 9289
2 5676 6526
2 5678 117
2 5680 3028
2 5682 6962
2 6481 5540
2 5686 1568
2 5688 7201
2 5690 3655
2 5692 3228
2 5694 5731
2 5696 2045
2 5698 4953
2 5700 1117
2 5702 2786
2 9468 3985
2 5706 968
2 5708 5366
2 7208 5551
2 5712 926
2 5714 7510
2 5716 3089
2 5718 371
2 5720 8929
2 5722 2548
2 5724 4293
2 5726 5163
2 7649 7881
2 5730 2395
2 5732 5496
2 5734 8745
2 5736 204
2 9404 3757
2 5740 3750
2 5742 8160
2 6392 3020
2 9017 902
2 5748 6050
2 5750 1636
2 5752 3736
2 5754 2804
2 5756 1199
2 8246 4406
2 5760 684
2 7690 7406
2 5764 2203
2 5766 4714
2 5768 5375
2 5770 2628
2 9366 1943
2 5774 3581
2 5776 948
2 5778 6662
2 5780 1963
2 5782 8253
2 6163 396
2 5786 1833
2 5788 7592
2 5790 9944
2 5792 2957
2 7448 8833
2 6905 3997
2 5798 4898
2 5800 5835
2 5802 5155
2 5804 6676
2 5806 8456
2 5808 6856
2 6097 4704
2 5812 1952
2 5814 8081
2 5816 1948
2 7924 3648
2 5820 5666
2 5822 7385
2 5824 1523
2 9072 5895
2 5828 7757
2 5830 2457
2 8852 4994
2 5834 9341
2 6734 4773
2 5838 1339
2 5840 7250
2 5842 6280
2 5844 1800
2 7897 5355
2 5848 5047
2 5850 139
2 5852 5570
2 9448 8418
2 6067 5600
2 9488 3746
2 5860 6800
2 5862 5118
2 9736 6419
2 5866 1445
2 9533 3950
2 5870 6752
2 5872 3842
2 5874 5443
2 5876 2685
2 8377 6844
2 8434 5803
2 5882 346
2 5884 1050
2 7013 8733
2 5888 4965
2 5890 7889
2 5892 7103
2 5894 8517
2 5896 8138
2 6128 3272
2 5900 59
2 7942 1160
2 6098 9866
2 5906 4725
2 5908 2165
2 5910 7255
2 5912 9984
2 5914 433
2 9224 4656
2 7391 8193
2 5920 3792
2 9549 8712
2 5924 2732
2 5926 384
2 5928 6350
2 8716 9256
2 5932 6178
2 5934 197
2 5936 1718
2 5938 2949
2 5940 1136
2 5942 3973
2 5944 3882
2 5946 5006
2 6551 6296
2 5950 3573
2 5952 7984
2 5954 8612
2 5956 5622
2 5958 5235
2 5960 4430
2 5962 3913
2 5964 2828
2 5966 2495
2 5968 1094
2 5970 4879
2 5972 3511
2 5974 2260
2 5976 3002
2 5978 1422
2 5980 1096
2 8774 1740
2 7531 6365
2 5986 3170
2 5988 7700
2 7829 251
2 6460 5488
2 5994 970
2 5996 392
2 5998 8384
2 6000 6605
2 6002 173
2 9669 5909
2 6006 1001
2 6008 2190
2 8816 4857
2 6012 8437
2 6014 6989
2 6016 3896
2 6018 9320
2 9298 5592
2 6608 8614
2 6024 1061
2 6026 358
2 6028 7136
2 6030 6578
2 9717 9350
2 6034 5028
2 6036 7238
2 7175 739
2 6040 512
2 6042 675
2 6045 1282
3 6130 9873 3448
3 9038 884 8260
3 6054 8837 980
3 6057 5487 4118
3 6290 3595 2699
3 6063 7426 2643
3 6748 1684 5673
3 6069 7761 989
3 6072 3951 7241
3 6075 9525 5354
3 6078 5839 647
3 6081 2096 4864
3 9829 7876 1042
3 6087 6188 4612
3 6090 4713 5703
3 6093 1484 2156
3 6096 133 6626
3 6099 6524 5091
3 6102 8204 5810
3 6105 8152 5078
3 6108 5457 3187
3 6111 3306 9061
3 6187 6248 2195
3 6875 7445 8690
3 6120 7310 6908
3 8150 4475 3081
3 6126 1561 7016
3 7487 2308 765
3 6132 5898 4503
3 6135 6463 6048
3 9884 3905 4299
3 6141 188 6027
3 6144 6938 3733
3 6149 4000 3139
3 6150 4557 8666
3 6153 6147 6907
3 6156 18 9918
3 8504 3704 5292
3 6162 2752 1304
3 6565 752 2960
3 8830 9196 5784
3 9098 9166 3758
3 6174 9390 2984
3 6177 1708 5367
3 6180 2872 8269
3 6183 4671 3737
3 6186 1681 3468
3 6189 5362 2753
3 7124 9690 6114
3 6195 3822 584
3 6198 5461 1041
3 6201 3844 5880
3 9516 2584 966
3 7837 8197 7402
3 6210 278 8194
3 6213 1593 4282
3 6216 2007 6287
3 6219 1589 3908
3 6222 7186 7576
3 6225 172 4862
3 8566 859 4838
3 6231 8293 9381
3 6234 2243 1156
3 6237 7196 8937
3 6857 3618 1053
3 6243 7666 4805
3 6246 6446 5249
3 6249 7480 2321
3 7517 2323 1981
3 6344 5131 1229
3 7986 3248 2093
3 8062 9214 4422
3 6264 8180 2524
3 7357 4865 7582
3 6270 3029 8512
3 6273 1476 1014
3 6407 1140 3014
3 6279 9524 1493
3 6282 1988 4844
3 6285 1233 2625
3 6288 9910 1458
3 6291 4788 6718
3 6294 9238 3710
3 6297 2259 3377
3 7109 4659 1384
3 6319 1165 2126
3 6306 8865 2197
3 8734 198 5707
3 7222 4668 2079
3 6315 8861 1432
3 6318 213 5541
3 6321 2293 4991
3 6324 589 9702
3 8629 110 1204
3 6330 4978 8234
3 6443 4951 713
3 6336 3451 692
3 6339 4657 1896
3 6342 520 6791
3 6345 5899 5821
3 6348 6255 4603
3 6788 4147 2729
3 6354 6611 1448
3 7022 214 7345
3 9314 9464 9492
3 6363 7917 2263
3 6366 8650 4785
3 6369 745 4119
3 6372 4477 3003
3 6375 28 1274
3 6378 1179 3738
3 9726 6316 5267
3 6384 2843 1472
3 6387 654 98
3 6390 850 2111
3 6393 9114 246
3 6396 8617 4998
3 8604 4521 1808
3 6402 1584 9292
3 6405 2112 5564
3 9509 6005 950
3 6411 9014 913
3 6414 4690 1026
3 6417 4331 1048
3 6420 3083 5142
3 6423 1877 6394
3 8818 5205 4888
3 6429 4527 7280
3 6432 725 7477
3 6435 2874 4346
3 6438 2095 2187
3 6441 4320 852
3 6444 7643 6376
3 6447 9121 3077
3 6450 171 5715
3 6453 5476 3552
3 6456 5517 1125
3 7370 2954 7746
3 6462 2207 4281
3 6465 3945 5992
3 6468 2509 7147
3 6471 4245 6182
3 6474 7624 6268
3 9930 7888 2109
3 6480 4750 5420
3 6483 67 6303
3 6486 7777 5684
3 6489 9168 7760
3 6492 8714 3237
3 9626 9332 1489
3 7712 8164 8904
3 6501 4655 5392
3 6504 8233 9408
3 6507 9546 2042
3 6510 9450 2257
3 6513 7540 7355
3 6516 3475 5987
3 6519 3564 3976
3 6522 9734 7303
3 6799 565 447
3 6528 6811 4280
3 6531 5207 2650
3 6534 9732 3785
3 7301 8637 247
3 6540 9333 7657
3 6543 1429 3151
3 6546 3370 1173
3 6549 8430 9202
3 6552 9605 4296
3 8257 5948 694
3 6558 5121 1900
3 7781 6577 3958
3 6564 6389 1531
3 6567 2861 6277
3 6570 5744 6165
3 7585 3339 8730
3 6576 7153 2494
3 6579 45 4117
3 8461 1114 5795
3 6585 1998 119
3 9518 6426 2986
3 6591 2094 1265
3 9226 8950 4988
3 6694 900 4778
3 6600 2727 4849
3 7558 4301 4687
3 6606 4946 4072
3 6609 1671 1482
3 6612 6022 4722
3 7732 7725 2613
3 6618 5074 4460
3 6621 3914 665
3 8957 4516 3128
3 8582 290 3725
3 6630 2435 7396
3 6633 8425 1520
3 6636 2672 9116
3 7685 7922 357
3 6642 2009 2626
3 6645 5553 7004
3 6648 5815 4347
3 7037 8548 1670
3 6654 4875 6061
3 9356 5489 2256
3 6660 4703 5867
3 6663 2968 1067
3 9750 2952 4729
3 6669 3845 866
3 6672 132 7027
3 6675 4230 3659
3 6678 296 3284
3 6681 7330 3729
3 6684 6107 4190
3 6687 2237 8341
3 6690 5494 4869
3 7565 4777 7325
3 8844 7262 3653
3 6699 5244 6597
3 8544 1895 1293
3 6705 9828 1548
3 6708 3 7909
3 6711 6242 1607
3 6714 5832 9980
3 8648 1383 5054
3 6720 5046 5687
3 6723 2817 3575
3 8702 9220 8369
3 6729 4100 9630
3 6732 4925 3832
3 6965 5026 3800
3 6738 5836 7676
3 6741 6842 5927
3 6744 1564 6970
3 7496 1450 2523
3 6750 3654 1421
3 6753 3484 6066
3 9338 3323 939
3 6759 5101 1600
3 8034 2313 4897
3 6765 642 1241
3 6768 2008 5452
3 6771 8101 7403
3 6774 738 592
3 6777 9730 7378
3 7828 1253 1991
3 6783 1737 5937
3 6786 5705 6665
3 7768 2222 9358
3 6792 6351 2616
3 6958 1200 1240
3 6798 2331 1644
3 6801 9213 4199
3 6804 8198 6525
3 6807 8585 2559
3 6810 9029 9841
3 9189 7696 3165
3 7701 453 5425
3 6819 7677 5087
3 6822 170 353
3 6988 3939 9454
3 6828 9354 2287
3 6831 1923 6538
3 6834 3656 5139
3 6837 6994 2132
3 6840 8094 1530
3 6843 7868 1030
3 6846 6367 4391
3 6849 2141 8869
3 6852 7937 4366
3 6855 5991 8390
3 6858 9568 8317
3 6861 6240 3634
3 8546 631 4081
3 9680 7259 1420
3 6870 8722 6424
3 6873 9784 1354
3 6876 4607 731
3 6879 9818 7860
3 9134 1491 9657
3 6885 1774 7681
3 6888 992 7205
3 6891 5325 5525
3 7360 2213 1215
3 6897 62 1300
3 6900 8682 2069
3 6903 1756 3245
3 9781 7920 925
3 6909 8810 7637
3 6912 8392 9790
3 6915 7543 8790
3 6918 6721 2606
3 6921 3715 2251
3 6924 1037 7619
3 6927 8056 7568
3 6930 3677 4084
3 6933 4708 8262
3 8805 221 9466
3 6939 2697 29
3 6942 513 2397
3 6945 3226 8364
3 6948 1522 5629
3 6951 362 1596
3 6954 1336 4096
3 8486 4170 9653
3 6960 2364 1863
3 9186 2544 6795
3 6966 2226 9052
3 6969 6735 7552
3 6972 49 3435
3 6975 8834 8301
3 6978 7978 5385
3 6981 6677 4108
3 6984 3311 3351
3 6987 9092 3836
3 6990 5086 449
3 6993 6160 6825
3 6996 9446 5312
3 6999 1205 5935
3 7002 9618 2315
3 7005 8625 9482
3 7008 6261 3140
3 7011 4961 6530
3 7014 3811 4326
3 7017 5886 6866
3 7020 3114 552
3 7023 3769 5500
3 7673 6357 8225
3 7096 7954 3249
3 8277 4498 2283
3 8156 8026 285
3 7038 3540 1263
3 7041 6651 212
3 7044 1955 5811
3 7047 5203 4889
3 7050 2265 479
3 9924 4036 855
3 7056 2148 5092
3 7059 2025 4278
3 9048 6914 4900
3 7065 8938 9997
3 7068 1488 3642
3 7071 500 3432
3 7074 1936 3833
3 7077 2589 4225
3 7080 7032 2539
3 7083 3795 9308
3 7086 4933 1805
3 7089 9797 5062
3 7092 8332 5143
3 7095 328 9758
3 7098 7 6439
3 7616 3632 7029
3 7934 8864 2130
3 8770 183 8296
3 7110 174 1098
3 9313 6300 7597
3 7116 5610 8216
3 8126 2516 5701
3 7122 5214 8300
3 7125 1837 1894
3 7128 6192 8926
3 7131 6410 9069
3 7134 1353 2965
3 7137 3022 1760
3 7140 9532 2931
3 7143 3322 1379
3 9184 9560 7913
3 7149 2836 6941
3 7152 6478 1213
3 7421 3987 4432
3 7158 4387 9142
3 7161 2870 1927
3 7164 9888 4005
3 7167 2162 4609
3 7170 5902 5223
3 7173 60 5119
3 7176 3271 9422
3 7179 6038 8678
3 7182 4604 1913
3 7185 3678 3764
3 8360 2759 2684
3 7191 3496 5004
3 7194 3724 8841
3 7197 5729 1780
3 7200 2351 3934
3 7203 6498 555
3 7206 82 3622
3 9398 2043 4110
3 7212 5710 2810
3 7215 1184 4539
3 7218 1261 5031
3 9321 6782 1859
3 7224 6467 7997
3 7227 2571 9449
3 7230 709 4458
3 7233 4561 7189
3 7236 5574 4484
3 7239 8697 8925
3 7242 3258 8290
3 7245 5856 3599
3 7248 3518 967
3 7251 4600 6235
3 7254 2939 527
3 7257 5598 882
3 7260 7466 6011
3 7263 5085 2778
3 7266 962 951
3 7459 2129 4067
3 7272 3357 495
3 7275 8506 5484
3 9110 9106 775
3 7281 7221 7327
3 7284 8854 6997
3 7287 2375 4719
3 8388 1197 1938
3 7293 9748 9437
3 7296 9397 4342
3 7299 5609 681
3 7302 2024 8809
3 8436 6537 9034
3 8278 4390 7874
3 7311 5547 702
3 7314 8689 4181
3 9176 1735 1490
3 7320 1178 3069
3 7323 4194 4086
3 7326 8897 1255
3 7329 7824 1457
3 7332 7363 3910
3 7335 461 4017
3 8748 2600 2675
3 7341 1231 2794
3 7344 5172 8902
3 7347 321 2244
3 7350 6956 504
3 7353 1012 6469
3 7356 2596 2414
3 7359 7710 408
3 7362 3906 9740
3 7365 8132 6894
3 9950 4637 1315
3 7371 3253 6487
3 7374 6459 4735
3 7377 5593 747
3 7380 1040 8266
3 7383 2342 6820
3 7386 7010 8660
3 7389 4222 2714
3 7392 9004 1003
3 7395 5918 6722
3 7398 4405 5305
3 7401 2982 3166
3 7404 4386 5670
3 7801 463 2180
3 7410 1049 2361
3 7413 3085 5552
3 7416 3932 6874
3 7419 2920 9801
3 7422 1610 7304
3 7425 7155 755
3 7428 8736 6779
3 7431 8250 5320
3 7434 8632 4401
3 9620 8608 9897
3 7440 2935 8005
3 7443 9252 1392
3 9328 7346 3588
3 8032 9966 7039
3 8952 5794 8178
3 8061 9741 5269
3 7458 3196 1887
3 7461 676 8484
3 7834 4135 7269
3 7467 4959 2787
3 7470 6794 5102
3 7473 5653 4350
3 7476 4874 1449
3 7479 8889 5659
3 7482 1423 2493
3 7485 2811 3305
3 7488 2944 7714
3 7491 6129 9185
3 9562 3904 8892
3 8654 5271 3688
3 7500 6747 2223
3 7503 1707 1428
3 9216 1704 2183
3 7509 4044 792
3 7512 1357 5186
3 7515 6134 2135
3 7518 2728 6995
3 7521 6252 4241
3 7524 3745 3397
3 7527 7618 873
3 7530 973 5455
3 7533 2488 6406
3 7536 4599 5984
3 7539 4161 7107
3 7542 4696 5565
3 8442 5515 1752
3 9325 3223 3874
3 7551 1724 4569
3 7554 6632 5109
3 7557 1056 9738
3 7560 3825 3403
3 8457 2484 6603
3 8433 7168 3998
3 8206 6693 7609
3 7572 9344 8917
3 7575 530 105
3 7578 7111 7885
3 7581 3106 8588
3 7584 3299 1295
3 7587 6168 350
3 7590 7463 6573
3 8640 7305 1456
3 7596 2254 4903
3 7599 9337 187
3 7602 5652 6691
3 7605 5864 5636
3 7608 4550 3805
3 7611 6313 7869
3 7614 4650 2774
3 8522 5174 3282
3 7620 7101 4424
3 7623 1648 6667
3 7626 750 1844
3 7629 2407 4061
3 7632 4488 9934
3 7635 3966 9461
3 7638 4727 2266
3 7884 1729 2004
3 7644 8956 7996
3 7647 8754 891
3 7650 9241 8046
3 7653 5728 3592
3 7656 8529 9945
3 8756 85 3858
3 7663 7992 2853
4 7667 6668 8705 4302
4 7671 6839 779 5216
4 7675 7369 5571 5999
4 7679 6639 7790 3206
4 7683 58 4947 5352
4 7857 7936 8520 2761
4 8676 2428 7806 8510
4 7695 8753 1408 790
4 7699 522 1375 2813
4 9594 6703 7495 5775
4 7707 7586 6816 1257
4 7711 2300 8188 528
4 9286 8449 3285 2708
4 7719 9656 1442 7199
4 7723 4058 8074 9705
4 7727 8997 2528 2233
4 7731 2994 5630 4382
4 7735 1787 732 4510
4 7739 9302 1960 6615
4 7743 2343 3093 426
4 7747 2228 933 6598
4 7751 1260 6689 5307
4 7755 2061 7366 2255
4 7759 443 1072 6836
4 9565 9602 1251 5827
4 7932 1812 3569 6115
4 7771 774 7928 7435
4 8526 2115 4817 6789
4 7940 3120 1573 9389
4 7783 3889 2299 4597
4 7787 5310 6561 2133
4 7791 4871 1399 3317
4 7795 7026 7728 1368
4 7799 8397 6991 6594
4 7803 1673 5555 3535
4 7807 2398 8078 874
4 8200 7674 1659 9480
4 7815 210 2440 5291
4 9566 5869 2735 5421
4 7823 1372 5403 2547
4 7827 1601 4162 2767
4 7831 5295 6117 9112
4 7835 4374 5990 6780
4 7839 7464 7034 9304
4 7843 5233 6207 3384
4 7847 7726 671 5454
4 9710 7267 6362 8050
4 7855 4235 5314 1682
4 7859 2766 3277 4643
4 7863 4233 7687 339
4 7867 2345 454 9402
4 7871 5941 6200 7705
4 7875 3818 265 5408
4 7879 6370 6911 8708
4 7883 145 1857 963
4 7887 8276 1503 7411
4 7891 1965 8496 8060
4 7895 8485 2654 4348
4 7899 611 5241 563
4 7903 6623 5846 8590
4 7907 6476 2478 1017
4 7911 8477 2113 5180
4 7915 1542 6172 2369
4 7919 2903 4082 6103
4 8462 6583 853 8700
4 7927 3309 2443 941
4 7931 3337 3490 5818
4 7935 8509 9293 2496
4 8606 7104 2833 7767
4 7943 9778 704 9253
4 7947 7166 8076 7779
4 7951 634 9949 2594
4 8860 8873 9581 8357
4 7959 6655 369 2374
4 7963 532 4015 8280
4 7967 4883 2292 5468
4 7971 2137 4471 4921
4 7975 6640 1759 7324
4 7979 727 2816 3925
4 7983 6161 79 535
4 7987 9572 3606 4576
4 7991 6258 1281 243
4 7995 4720 6979 8069
4 7999 5919 1782 1637
4 8474 421 4364 5390
4 8089 1378 434 1721
4 8011 4572 3624 624
4 8015 5945 8354 109
4 8019 2726 5160 1997
4 8023 5451 4397 667
4 8027 3214 3937 36
4 8031 8918 664 3687
4 8035 372 5878 8936
4 8039 6762 4039 7449
4 8043 5151 5353 8018
4 8047 473 6872 707
4 8051 8452 7621 661
4 8055 1152 4755 5861
4 8059 6312 6338 743
4 9458 2481 4207 7478
4 8067 7970 7455 7641
4 9600 6824 1710 7126
4 8075 2941 6122 5501
4 8518 1747 2943 5039
4 8083 7407 2832 5116
4 8087 8814 1312 4730
4 8091 2705 3631 6461
4 8095 1087 8007 8350
4 8099 1598 2284 1736
4 8103 4565 4626 8182
4 8107 1765 1112 543
4 8173 2123 4343 2090
4 8115 2353 8921 1264
4 8119 2330 3726 569
4 8123 3485 547 3960
4 8127 7529 724 944
4 8131 7119 389 1089
4 8135 6985 5300 8912
4 8139 1081 6977 3740
4 9634 5209 1150 2724
4 8147 7896 8481 3452
4 8151 4663 506 9132
4 8155 6123 6688 969
4 8159 2604 1628 442
4 8163 1393 7195 7035
4 9310 4997 4087 3742
4 8171 559 1104 1242
4 8175 9128 6086 6131
4 8179 7100 8111 897
4 8183 648 3441 4673
4 8187 9588 4264 8565
4 8760 3980 9442 816
4 8576 3055 2760 7414
4 8199 6320 8878 6374
4 8203 6226 2053 3627
4 9993 6553 5975 7811
4 8211 7569 8989 9902
4 8802 2598 9460 233
4 8219 8785 9470 9040
4 8223 9853 2118 6883
4 8227 2196 5465 7892
4 8231 7451 3190 4743
4 8235 1874 7420 3100
4 9610 2475 8829 2145
4 8243 1851 4121 5069
4 8247 7415 7497 4606
4 8251 5758 7028 670
4 8628 834 6712 3868
4 8259 7704 2838 5411
4 8263 3443 6555 127
4 8267 7610 5114 8140
4 8271 9382 7073 1560
4 8275 1556 9652 4680
4 8279 4473 8421 4760
4 8283 7308 7076 4368
4 8287 4917 5261 5195
4 8291 9250 6236 2392
4 8295 2462 5374 1916
4 8299 6673 5477 9824
4 8303 4912 9845 8444
4 8307 7145 8840 2844
4 8311 5277 2465 2015
4 8315 5526 942 5202
4 8319 6864 3706 9088
4 8323 3308 8096 8105
4 8327 2736 429 7240
4 8331 9906 5438 1500
4 9485 9986 2519 3831
4 8339 6 9049 5524
4 8343 9576 4324 7054
4 8347 3641 4934 4275
4 9612 32 7376 4485
4 8355 7648 2491 4304
4 8359 6638 783 3342
4 8363 5916 7519 7294
4 8367 4814 5855 7188
4 8371 4131 699 6140
4 9802 7202 2501 2394
4 8379 1847 1910 2250
4 8466 5096 8029 3981
4 8387 3566 259 1028
4 9552 2555 2434 6946
4 8395 3167 3460 9058
4 8399 4867 6488 817
4 8403 7118 1798 5445
4 9194 4940 2063 5243
4 8411 4167 3393 9388
4 8415 1571 2618 2975
4 8419 301 7082 588
4 8423 1276 9668 6211
4 8427 7151 4113 3459
4 8431 5056 3291 8630
4 8874 8677 3207 3130
4 8669 6196 7566 4984
4 8443 3542 8184 7589
4 8447 7545 9541 9476
4 8801 1483 3230 5662
4 8455 33 7354 6717
4 8459 1071 9494 1779
4 8463 2267 7563 3232
4 8467 7923 6910 7113
4 8471 8383 6588 1310
4 8475 3463 2018 4543
4 8842 8003 5590 4145
4 9621 3765 560 9640
4 8487 2612 3198 8782
4 8491 6957 3684 722
4 8495 3730 2904 3143
4 8499 5873 399 3462
4 8503 936 9878 2040
4 8507 3519 7291 2273
4 8511 8348 5112 6159
4 9133 7231 7520 3185
4 8519 4041 9510 2438
4 8523 8079 5372 4999
4 8527 7617 1950 3148
4 8531 9965 3986 2014
4 8535 8286 7295 8070
4 8539 2776 3594 9401
4 8543 4960 8798 9228
4 8547 1591 6877 3520
4 8868 8314 680 9574
4 8555 2117 1126 2979
4 8559 9305 9396 1109
4 8563 8137 3231 3036
4 8567 3593 7505 4045
4 8571 6228 8905 4029
4 8575 5845 3390 4800
4 8579 7740 914 4024
4 8583 3104 1905 8195
4 8587 6627 3483 5405
4 8591 8849 6317 7193
4 8595 2340 6164 4593
4 8599 2545 4068 351
4 8603 5721 1662 440
4 8607 7689 4070 4799
4 8611 7939 9056 6399
4 8615 714 4204 7998
4 9972 3356 8281 4270
4 8623 6052 6566 1697
4 9065 3422 1269 5075
4 8631 5197 3465 663
4 8635 4847 6327 8255
4 8639 7525 3287 5145
4 8643 4292 1193 1791
4 8647 3940 8800 7593
4 8651 5625 9982 2997
4 8655 3791 4528 8448
4 8659 8241 8538 9478
4 8663 2661 4812 7226
4 8667 5751 5256 7952
4 8671 8210 6062 2940
4 8675 137 8439 375
4 8679 4076 5669 6190
4 8683 593 879 7691
4 8687 9765 9472 585
4 9077 4975 5115 1387
4 8695 7549 7630 7469
4 9156 1524 2482 2865
4 8703 373 2017 3668
4 8707 6726 2211 2871
4 8711 9545 8349 9160
4 8715 2964 2317 3731
4 8719 2489 6503 4212
4 9769 8189 3013 5930
4 8727 5563 420 5230
4 8731 5713 3200 2764
4 8735 4887 7508 1709
4 8739 6309 3192 2286
4 8743 9433 7070 9428
4 8747 1946 5759 4420
4 8751 7796 4166 4683
4 8755 9722 9937 7338
4 8759 3553 5762 8386
4 8763 4995 3264 9290
4 8767 1388 2719 8191
4 8771 1976 6934 1051
4 8775 7534 8416 4033
4 8779 5982 4114 1785
4 8783 7436 6802 2644
4 8787 3991 9782 3336
4 8791 7204 3388 518
4 8795 9426 2851 474
4 9636 1668 9109 7169
4 8803 1015 2655 2151
4 8807 8215 8451 6346
4 8811 5359 6936 5953
4 8815 5796 1651 4152
4 8819 2240 5000 721
4 8823 6584 387 7234
4 8827 5042 2667 8885
4 8831 7079 1033 625
4 8835 7583 4794 3574
4 8839 4964 5646 9756
4 8980 4706 9170 9998
4 8847 8479 5034 2258
4 8851 6697 167 6696
4 8855 4126 655 3116
4 8859 4949 5228 6710
4 8863 297 1123 1604
4 8867 2091 8352 7955
4 8871 3629 8294 1232
4 8875 6421 2341 8949
4 8879 8435 9064 8337
4 8883 3912 4497 7244
4 8887 71 8674 7358
4 8891 7862 617 1675
4 8895 5522 8769 2027
4 8899 8325 3538 6322
4 8903 2723 4499 7084
4 8907 9614 2413 3378
4 9806 9942 7774 2276
4 8915 4916 5124 470
4 8919 3012 932 1280
4 9178 4150 4051 4140
4 8927 6569 5184 8121
4 8931 2023 9441 9956
4 8935 5251 3288 3970
4 8939 8176 1244 1455
4 9261 9856 2779 8916
4 8947 142 3572 7429
4 8951 211 2710 3184
4 8955 9713 8551 5971
4 9024 3302 35 7452
4 8963 982 6624 8092
4 8967 8653 2194 484
4 8971 3024 5567 6020
4 8975 2905 2477 5933
4 8979 7135 7246 1603
4 8983 5462 9753 1247
4 8987 5616 2971 8843
4 8991 7190 2856 2430
4 8995 5239 8589 7754
4 8999 5383 4686 7930
4 9003 4907 7277 971
4 9007 8601 8884 8102
4 9011 8284 9268 5618
4 9015 6959 6221 1739
4 9019 9246 1365 6084
4 9023 2642 5746 1239
4 9027 3437 6515 6071
4 9031 4982 3380 9760
4 9035 7752 8489 8378
4 9039 3508 266 4111
4 9043 6051 4587 718
4 9047 7108 2507 9708
4 9051 1621 1816 5520
4 9055 3047 3461 7062
4 9059 9528 9676 6575
4 9118 7290 330 3979
4 9067 1822 9992 3703
4 9071 9129 8627 5841
4 9075 3142 1025 2158
4 9079 1713 1185 5826
4 9083 2155 8691 4968
4 9087 1101 2576 4338
4 9091 2246 9788 1757
4 9095 11 1566 344
4 9099 5530 5301 8973
4 9103 6171 1666 5414
4 9107 4322 3398 9517
4 9111 9746 9497 102
4 9115 7278 1380 4182
4 9119 2590 6299 4008
4 9123 9063 2458 7297
4 9127 1839 6333 4472
4 9774 1821 1325 7702
4 9135 9542 8974 9809
4 9139 6882 8515 8157
4 9143 55 6896 4239
4 9147 4328 3931 8249
4 9151 9836 1842 3886
4 9155 2456 140 7720
4 9159 4808 4580 7331
4 9163 3087 5923 8699
4 9167 923 4872 580
4 9171 7613 8445 8765
4 9175 8537 232 8622
4 9179 1492 3172 4178
4 9183 8923 276 7317
4 9187 5363 9420 9481
4 9191 6963 7794 7146
4 9195 3293 6813 3182
4 9199 8407 2534 841
4 9869 3273 7114 4003
4 9207 3420 4852 1431
4 9211 8673 239 2366
4 9215 3892 155 3720
4 9219 177 5076 8649
4 9223 403 2347 7506
4 9227 8320 7012 2217
4 9231 7792 6785 8358
4 9235 4449 5263 4169
4 9239 1385 7865 8914
4 9243 6060 8982 5711
4 9247 6010 4349 1446
4 9251 9921 8993 7144
4 9255 4859 843 2593
4 9259 8097 8088 4586
4 9263 5651 4459 2542
4 9267 8004 8943 3682
4 9271 4376 905 9898
4 9946 7316 5334 6793
4 9279 335 8408 6955
4 9283 1013 352 5165
4 9287 2274 6217 4130
4 9291 7715 4881 8825
4 9295 7659 2073 2682
4 9299 4307 1715 8490
4 9303 8964 8324 3359
4 9307 120 9113 3652
4 9311 89 7941 1907
4 9315 8167 2568 1144
4 9319 8338 8460 1719
4 9323 8478 2945 8594
4 9327 5357 9544 4654
4 9331 1287 7548 4745
4 9335 2070 2302 7446
4 9339 7409 3238 1879
4 9343 6756 1238 3876
4 9347 8242 4707 7680
4 9654 8553 4749 5344
4 9355 1396 166 4332
4 9359 1004 8048 3604
4 9363 2686 4441 6657
4 9367 3155 5857 7450
4 9371 5772 3410 5475
4 9375 1820 3061 317
4 9379 4240 5486 1528
4 9383 954 5152 7708
4 9387 8010 2640 2992
4 9391 4402 7933 3900
4 9395 6731 3160 3751
4 9399 5503 2609 7312
4 9403 7209 9353 2670
4 9407 4717 5717 5258
4 9411 3096 1577 5738
4 9415 8470 6878 5287
4 9419 8626 2648 4385
4 9423 6206 9417 8362
4 9427 4695 2048 1370
4 9431 6582 2615 494
4 9435 3135 3711 3920
4 9439 4611 5050 4396
4 9443 5583 5871 3071
4 9447 5231 9242 5735
4 9451 5854 5626 2923
4 9455 5791 8054 9697
4 9459 9425 3545 3319
4 9463 8063 5130 497
4 9467 3526 3713 2991
4 9471 5083 9796 7765
4 9475 4139 6898 5704
4 9479 604 2995 7912
4 9483 3857 3999 6418
4 9487 283 345 1893
4 9491 63 8335 9445
4 9495 717 9817 5858
4 9499 2814 90 3855
4 9503 5422 7908 1792
4 9507 8652 3609 5893
4 9511 5250 599 4647
4 9584 3203 6408 8706
4 9519 2819 927 7348
4 9523 8465 824 6204
4 9527 1341 3430 6523
4 9531 6613 3779 4476
4 9535 2036 9093 9300
4 9539 9529 5868 1463
4 9543 1845 2637 5502
4 9547 594 4180 1797
4 9551 2064 1342 7722
4 9555 5777 5922 6013
4 9559 4675 770 8391
4 9563 2089 3550 5270
4 9567 7494 4418 4601
4 9571 7819 7763 7133
4 9575 9849 857 539
4 9579 6702 2261 5248
4 9583 5544 7598 6360
4 9928 3480 6298 4536
4 9591 6415 6116 9672
4 9595 4582 4541 6475
4 9599 7703 2864 4677
4 9603 3686 1309 8799
4 9900 2558 2738 8071
4 9611 3885 2913 6926
4 9615 8239 2641 3418
4 9619 3942 2312 8351
4 9623 2912 1121 2989
4 9627 1717 8483 7437
4 9631 6495 8218 1828
4 9635 1146 3959 3456
4 9639 8143 6658 2247
4 9643 4823 7021 9596
4 9647 7057 1748 9850
4 9651 7821 5319 6041
4 9655 4685 4083 2497
4 9659 9709 619 7328
4 9663 7577 3815 7336
4 9667 7471 2270 3957
4 9671 5989 15 8285
4 9675 5913 6004 9317
4 9679 5219 5381 9515
4 9683 8240 3967 3778
4 9687 1248 1314 6867
4 9691 3689 9704 5283
4 9695 8524 1108 8385
4 9699 2795 1565 9537
4 9703 1711 6992 9288
4 9707 7148 4198 52
4 9711 5773 6251 3826
4 9715 7851 9351 712
4 9719 3775 3946 6433
4 9723 5427 8226 551
4 9727 4090 6383 8192
4 9731 6381 9501 8145
4 9735 5211 7214 3850
4 9739 201 5561 3576
4 9743 3647 3881 7601
4 9747 4102 6032 9940
4 9751 9514 5761 5654
4 9755 6666 6349 5562
4 9759 4442 701 7816
4 9763 3347 2474 3767
4 9767 1742 8149 8959
4 9771 2124 3005 3533
4 9775 8692 8723 9916
4 9779 9131 3732 1363
4 9783 7313 8217 9780
4 9787 5052 6906 3197
4 9791 723 4908 3162
4 9795 4619 7810 286
4 9799 797 3032 3709
4 9803 3499 1855 4853
4 9807 8375 4265 4191
4 9811 8911 1011 6070
4 9815 7210 7537 9334
4 9819 3505 6139 1680
4 9823 7825 3094 3701
4 9827 8898 8953 3304
4 9831 1642 223 4748
4 9835 6913 9012 8492
4 9839 2962 3219 1676
4 9843 2887 3421 1871
4 9847 7088 4201 9808
4 9851 2927 6292 4552
4 9855 4977 8621 1795
4 9859 5665 2777 5440
4 9863 432 4815 8120
4 9867 4551 7570 5617
4 9871 6404 4276 6106
4 9875 1810 9203 4073
4 9879 1763 2893 3974
4 9883 7198 6422 92
4 9887 8238 2421 2455
4 9891 336 5065 6138
4 9895 3697 6865 1143
4 9899 7756 5587 918
4 9903 5061 5394 7612
4 9907 5904 3766 9607
4 9911 5346 5507 3661
4 9915 8148 3955 929
4 9919 65 1245 3699
4 9923 9569 2677 490
4 9927 3295 6276 3252
4 9931 1912 8476 7053
4 9935 6477 9666 9587
4 9939 5823 116 3551
4 9943 1734 2005 1660
4 9947 1210 5016 6267
4 9951 9275 861 1343
4 9955 7368 3872 8910
4 9959 5416 6980 6271
4 9963 6571 7976 1914
4 9967 7914 5623 6929
4 9971 6935 7775 7456
4 9975 8116 6775 5447
4 9979 4638 1968 8619
4 9983 5044 3406 3436
4 9987 5170 4589 8764
4 9991 1359 8480 8404
4 9995 3596 9373 2869
4 9999 4141 8207 3010
4 0 4574 1360 1398
